"1" "1,2,8,10,17,39,51,53,57,58,61,73,85,89,94,98,99"
"2" "6,12,13,19,20,24,27,29,34,38,41,54,55,63,65,75,77,78,88,93,97"
"3" "5,7,9,15,23,30,31,35,43,44,45,46,47,49,62,66,67,76,79,81,86,87,90"
"4" "18,21,28,33,36,37,48,68,72,74,82,83,91,95,96"
"5" ""
"6" "3,4,11,14,16,22,25,26,32,40,42,50,52,56,59,60,64,69,70,71,80,84,92,100"
"7" ""
"SSE" "1.36454"
-----------------------------------------------------------------------------------------------------------------------
"1" "11,22,28,36,37,48,68,70,71,72,82,83,92,95,96"
"2" "1,2,6,8,10,12,13,17,19,20,24,27,29,34,39,41,51,53,54,55,57,58,61,63,65,73,75,77,78,85,88,89,93,94,97,98,99"
"3" "5,7,31,35,43,62,67,79,87"
"4" ""
"5" "3,4,16,32,38,52,56,59,60,64"
"6" "14,18,21,25,26,33,40,42,50,69,74,80,84,91,100"
"7" "9,15,23,30,44,45,46,47,49,66,76,81,86,90"
"SSE" "1.293803"
-----------------------------------------------------------------------------------------------------------------------
"1" "1,2,8,17,53,57,61,65,94,98,99"
"2" "11,14,18,21,22,28,33,36,37,40,48,50,68,69,70,71,72,74,82,83,84,91,92,95,96"
"3" "31,79"
"4" "6,10,12,13,19,20,24,27,29,34,39,41,51,54,55,58,63,73,75,77,78,85,88,89,93,97"
"5" ""
"6" "5,7,9,15,23,30,35,43,44,45,46,47,49,62,66,67,76,81,86,87,90"
"7" "3,4,16,25,26,32,38,42,52,56,59,60,64,80,100"
"SSE" "1.217229"
-----------------------------------------------------------------------------------------------------------------------
"1" "31,44,45,47,79"
"2" "4,32,38,52,56,59,60,64"
"3" "3,14,16,18,21,25,26,33,40,42,50,69,74,80,84,91,100"
"4" "5,7,9,15,23,30,35,43,46,49,62,66,67,76,81,86,87,90"
"5" "11,22,28,36,37,48,68,70,71,72,82,83,92,95,96"
"6" "1,2,8,17,53,57,61,65,94,98,99"
"7" "6,10,12,13,19,20,24,27,29,34,39,41,51,54,55,58,63,73,75,77,78,85,88,89,93,97"
"SSE" "1.027557"
-----------------------------------------------------------------------------------------------------------------------
"1" "4,32,38,52,56,59,60,64"
"2" "11,22,28,36,37,48,68,70,71,72,82,83,92,95,96"
"3" "2,8,10,17,61,73,85,89,94,98"
"4" "6,12,13,19,20,24,27,29,34,39,41,51,53,54,55,57,58,63,65,75,77,78,88,93,97"
"5" "3,14,16,18,21,25,26,33,40,42,50,69,74,80,84,91,100"
"6" "5,7,9,15,23,30,35,43,44,45,46,47,49,62,66,67,76,81,86,87,90"
"7" "1,31,79,99"
"SSE" "1.018619"
-----------------------------------------------------------------------------------------------------------------------